# Roman Space Telescope Throughput
# By 11-13-2021
# https://roman.gsfc.nasa.gov/science/RRI/Roman_effarea_20210614.xlsx
# With modification: Throughput = effective area / (pi * 1.2 * 1.2)
# Wavelength(nm) Throughput(0-1)
400.00     0.00000
401.00     0.00000
402.00     0.00000
403.00     0.00000
404.00     0.00000
405.00     0.00000
406.00     0.00000
407.00     0.00000
408.00     0.00000
409.00     0.00000
410.00     0.00000
411.00     0.00000
412.00     0.00000
413.00     0.00000
414.00     0.00000
415.00     0.00000
416.00     0.00000
417.00     0.00000
418.00     0.00000
419.00     0.00000
420.00     0.00000
421.00     0.00000
422.00     0.00000
423.00     0.00000
424.00     0.00000
425.00     0.00000
426.00     0.00000
427.00     0.00000
428.00     0.00000
429.00     0.00000
430.00     0.00000
431.00     0.00000
432.00     0.00000
433.00     0.00000
434.00     0.00000
435.00     0.00000
436.00     0.00000
437.00     0.00000
438.00     0.00000
439.00     0.00000
440.00     0.00000
441.00     0.00000
442.00     0.00000
443.00     0.00000
444.00     0.00000
445.00     0.00000
446.00     0.00000
447.00     0.00000
448.00     0.00000
449.00     0.00000
450.00     0.00000
451.00     0.00000
452.00     0.00000
453.00     0.00000
454.00     0.00000
455.00     0.00000
456.00     0.00000
457.00     0.00000
458.00     0.00002
459.00     0.00002
460.00     0.00007
461.00     0.00011
462.00     0.00020
463.00     0.00038
464.00     0.00066
465.00     0.00115
466.00     0.00195
467.00     0.00316
468.00     0.00500
469.00     0.00769
470.00     0.01149
471.00     0.01671
472.00     0.02363
473.00     0.03256
474.00     0.04368
475.00     0.05710
476.00     0.07281
477.00     0.09061
478.00     0.11017
479.00     0.13095
480.00     0.15235
481.00     0.17350
482.00     0.19388
483.00     0.21285
484.00     0.22993
485.00     0.24492
486.00     0.25754
487.00     0.26778
488.00     0.27580
489.00     0.28195
490.00     0.28639
491.00     0.28940
492.00     0.29134
493.00     0.29258
494.00     0.29324
495.00     0.29349
496.00     0.29346
497.00     0.29335
498.00     0.29318
499.00     0.29293
500.00     0.29273
501.00     0.29271
502.00     0.29278
503.00     0.29291
504.00     0.29311
505.00     0.29340
506.00     0.29375
507.00     0.29417
508.00     0.29468
509.00     0.29525
510.00     0.29590
511.00     0.29658
512.00     0.29738
513.00     0.29822
514.00     0.29912
515.00     0.30001
516.00     0.30096
517.00     0.30202
518.00     0.30319
519.00     0.30441
520.00     0.30564
521.00     0.30695
522.00     0.30832
523.00     0.30976
524.00     0.31121
525.00     0.31265
526.00     0.31413
527.00     0.31575
528.00     0.31738
529.00     0.31900
530.00     0.32065
531.00     0.32244
532.00     0.32426
533.00     0.32602
534.00     0.32784
535.00     0.32976
536.00     0.33171
537.00     0.33361
538.00     0.33555
539.00     0.33759
540.00     0.33966
541.00     0.34170
542.00     0.34373
543.00     0.34579
544.00     0.34786
545.00     0.34994
546.00     0.35209
547.00     0.35430
548.00     0.35655
549.00     0.35874
550.00     0.36088
551.00     0.36305
552.00     0.36526
553.00     0.36749
554.00     0.36981
555.00     0.37225
556.00     0.37472
557.00     0.37715
558.00     0.37956
559.00     0.38204
560.00     0.38454
561.00     0.38706
562.00     0.38960
563.00     0.39218
564.00     0.39477
565.00     0.39736
566.00     0.39999
567.00     0.40260
568.00     0.40523
569.00     0.40788
570.00     0.41051
571.00     0.41316
572.00     0.41581
573.00     0.41844
574.00     0.42108
575.00     0.42371
576.00     0.42631
577.00     0.42890
578.00     0.43149
579.00     0.43405
580.00     0.43659
581.00     0.43911
582.00     0.44161
583.00     0.44406
584.00     0.44652
585.00     0.44891
586.00     0.45127
587.00     0.45361
588.00     0.45589
589.00     0.45815
590.00     0.46036
591.00     0.46250
592.00     0.46460
593.00     0.46666
594.00     0.46864
595.00     0.47059
596.00     0.47247
597.00     0.47428
598.00     0.47603
599.00     0.47775
600.00     0.47934
601.00     0.48067
602.00     0.48195
603.00     0.48330
604.00     0.48463
605.00     0.48589
606.00     0.48710
607.00     0.48825
608.00     0.48940
609.00     0.49051
610.00     0.49155
611.00     0.49243
612.00     0.49327
613.00     0.49420
614.00     0.49513
615.00     0.49601
616.00     0.49685
617.00     0.49769
618.00     0.49846
619.00     0.49911
620.00     0.49972
621.00     0.50041
622.00     0.50114
623.00     0.50187
624.00     0.50249
625.00     0.50302
626.00     0.50370
627.00     0.50445
628.00     0.50525
629.00     0.50602
630.00     0.50673
631.00     0.50731
632.00     0.50786
633.00     0.50848
634.00     0.50914
635.00     0.50978
636.00     0.51033
637.00     0.51075
638.00     0.51117
639.00     0.51168
640.00     0.51215
641.00     0.51248
642.00     0.51277
643.00     0.51314
644.00     0.51354
645.00     0.51387
646.00     0.51418
647.00     0.51449
648.00     0.51471
649.00     0.51480
650.00     0.51484
651.00     0.51495
652.00     0.51509
653.00     0.51518
654.00     0.51518
655.00     0.51504
656.00     0.51489
657.00     0.51482
658.00     0.51473
659.00     0.51449
660.00     0.51423
661.00     0.51407
662.00     0.51394
663.00     0.51376
664.00     0.51358
665.00     0.51341
666.00     0.51321
667.00     0.51288
668.00     0.51255
669.00     0.51232
670.00     0.51217
671.00     0.51204
672.00     0.51184
673.00     0.51155
674.00     0.51129
675.00     0.51115
676.00     0.51120
677.00     0.51124
678.00     0.51129
679.00     0.51135
680.00     0.51142
681.00     0.51148
682.00     0.51157
683.00     0.51168
684.00     0.51177
685.00     0.51173
686.00     0.51171
687.00     0.51177
688.00     0.51190
689.00     0.51204
690.00     0.51210
691.00     0.51206
692.00     0.51201
693.00     0.51208
694.00     0.51217
695.00     0.51228
696.00     0.51230
697.00     0.51221
698.00     0.51213
699.00     0.51213
700.00     0.51215
701.00     0.51190
702.00     0.51164
703.00     0.51151
704.00     0.51135
705.00     0.51109
706.00     0.51075
707.00     0.51040
708.00     0.51011
709.00     0.50994
710.00     0.50974
711.00     0.50941
712.00     0.50907
713.00     0.50890
714.00     0.50870
715.00     0.50839
716.00     0.50810
717.00     0.50795
718.00     0.50781
719.00     0.50755
720.00     0.50731
721.00     0.50722
722.00     0.50715
723.00     0.50697
724.00     0.50682
725.00     0.50680
726.00     0.50675
727.00     0.50669
728.00     0.50662
729.00     0.50658
730.00     0.50647
731.00     0.50627
732.00     0.50605
733.00     0.50591
734.00     0.50571
735.00     0.50534
736.00     0.50483
737.00     0.50430
738.00     0.50359
739.00     0.50249
740.00     0.50103
741.00     0.49926
742.00     0.49703
743.00     0.49418
744.00     0.49048
745.00     0.48584
746.00     0.48021
747.00     0.47353
748.00     0.46562
749.00     0.45622
750.00     0.44535
751.00     0.43321
752.00     0.41955
753.00     0.40434
754.00     0.38756
755.00     0.36926
756.00     0.34965
757.00     0.32901
758.00     0.30743
759.00     0.28509
760.00     0.26234
761.00     0.23955
762.00     0.21694
763.00     0.19472
764.00     0.17321
765.00     0.15272
766.00     0.13340
767.00     0.11541
768.00     0.09885
769.00     0.08380
770.00     0.07034
771.00     0.05842
772.00     0.04803
773.00     0.03906
774.00     0.03141
775.00     0.02500
776.00     0.01965
777.00     0.01530
778.00     0.01176
779.00     0.00893
780.00     0.00672
781.00     0.00500
782.00     0.00367
783.00     0.00267
784.00     0.00192
785.00     0.00135
786.00     0.00095
787.00     0.00066
788.00     0.00044
789.00     0.00031
790.00     0.00020
791.00     0.00013
792.00     0.00009
793.00     0.00007
794.00     0.00004
795.00     0.00002
796.00     0.00002
797.00     0.00000
798.00     0.00000
799.00     0.00000
800.00     0.00000
801.00     0.00000
802.00     0.00000
803.00     0.00000
804.00     0.00000
805.00     0.00000
806.00     0.00000
807.00     0.00000
808.00     0.00000
809.00     0.00000
810.00     0.00000
811.00     0.00000
812.00     0.00000
813.00     0.00000
814.00     0.00000
815.00     0.00000
816.00     0.00000
817.00     0.00000
818.00     0.00000
819.00     0.00000
820.00     0.00000
821.00     0.00000
822.00     0.00000
823.00     0.00000
824.00     0.00000
825.00     0.00000
826.00     0.00000
827.00     0.00000
828.00     0.00000
829.00     0.00000
830.00     0.00000
831.00     0.00000
832.00     0.00000
833.00     0.00000
834.00     0.00000
835.00     0.00000
836.00     0.00000
837.00     0.00000
838.00     0.00000
839.00     0.00000
840.00     0.00000
841.00     0.00000
842.00     0.00000
843.00     0.00000
844.00     0.00000
845.00     0.00000
846.00     0.00000
847.00     0.00000
848.00     0.00000
849.00     0.00000
850.00     0.00000
851.00     0.00000
852.00     0.00000
853.00     0.00000
854.00     0.00000
855.00     0.00000
856.00     0.00000
857.00     0.00000
858.00     0.00000
859.00     0.00000
860.00     0.00000
861.00     0.00000
862.00     0.00000
863.00     0.00000
864.00     0.00000
865.00     0.00000
866.00     0.00000
867.00     0.00000
868.00     0.00000
869.00     0.00000
870.00     0.00000
871.00     0.00000
872.00     0.00000
873.00     0.00000
874.00     0.00000
875.00     0.00000
876.00     0.00000
877.00     0.00000
878.00     0.00000
879.00     0.00000
880.00     0.00000
881.00     0.00000
882.00     0.00000
883.00     0.00000
884.00     0.00000
885.00     0.00000
886.00     0.00000
887.00     0.00000
888.00     0.00000
889.00     0.00000
890.00     0.00000
891.00     0.00000
892.00     0.00000
893.00     0.00000
894.00     0.00000
895.00     0.00000
896.00     0.00000
897.00     0.00000
898.00     0.00000
899.00     0.00000
900.00     0.00000
901.00     0.00000
902.00     0.00000
903.00     0.00000
904.00     0.00000
905.00     0.00000
906.00     0.00000
907.00     0.00000
908.00     0.00000
909.00     0.00000
910.00     0.00000
911.00     0.00000
912.00     0.00000
913.00     0.00000
914.00     0.00000
915.00     0.00000
916.00     0.00000
917.00     0.00000
918.00     0.00000
919.00     0.00000
920.00     0.00000
921.00     0.00000
922.00     0.00000
923.00     0.00000
924.00     0.00000
925.00     0.00000
926.00     0.00000
927.00     0.00000
928.00     0.00000
929.00     0.00000
930.00     0.00000
931.00     0.00000
932.00     0.00000
933.00     0.00000
934.00     0.00000
935.00     0.00000
936.00     0.00000
937.00     0.00000
938.00     0.00000
939.00     0.00000
940.00     0.00000
941.00     0.00000
942.00     0.00000
943.00     0.00000
944.00     0.00000
945.00     0.00000
946.00     0.00000
947.00     0.00000
948.00     0.00000
949.00     0.00000
950.00     0.00000
951.00     0.00000
952.00     0.00000
953.00     0.00000
954.00     0.00000
955.00     0.00000
956.00     0.00000
957.00     0.00000
958.00     0.00000
959.00     0.00000
960.00     0.00000
961.00     0.00000
962.00     0.00000
963.00     0.00000
964.00     0.00000
965.00     0.00000
966.00     0.00000
967.00     0.00000
968.00     0.00000
969.00     0.00000
970.00     0.00000
971.00     0.00000
972.00     0.00000
973.00     0.00000
974.00     0.00000
975.00     0.00000
976.00     0.00000
977.00     0.00000
978.00     0.00000
979.00     0.00000
980.00     0.00000
981.00     0.00000
982.00     0.00000
983.00     0.00000
984.00     0.00000
985.00     0.00000
986.00     0.00000
987.00     0.00000
988.00     0.00000
989.00     0.00000
990.00     0.00000
991.00     0.00000
992.00     0.00000
993.00     0.00000
994.00     0.00000
995.00     0.00000
996.00     0.00000
997.00     0.00000
998.00     0.00000
999.00     0.00000
1000.00     0.00000
1001.00     0.00000
1002.00     0.00000
1003.00     0.00000
1004.00     0.00000
1005.00     0.00000
1006.00     0.00000
1007.00     0.00000
1008.00     0.00000
1009.00     0.00000
1010.00     0.00000
1011.00     0.00000
1012.00     0.00000
1013.00     0.00000
1014.00     0.00000
1015.00     0.00000
1016.00     0.00000
1017.00     0.00000
1018.00     0.00000
1019.00     0.00000
1020.00     0.00000
1021.00     0.00000
1022.00     0.00000
1023.00     0.00000
1024.00     0.00000
1025.00     0.00000
1026.00     0.00000
1027.00     0.00000
1028.00     0.00000
1029.00     0.00000
1030.00     0.00000
1031.00     0.00000
1032.00     0.00000
1033.00     0.00000
1034.00     0.00000
1035.00     0.00000
1036.00     0.00000
1037.00     0.00000
1038.00     0.00000
1039.00     0.00000
1040.00     0.00000
1041.00     0.00000
1042.00     0.00000
1043.00     0.00000
1044.00     0.00000
1045.00     0.00000
1046.00     0.00000
1047.00     0.00000
1048.00     0.00000
1049.00     0.00000
1050.00     0.00000
1051.00     0.00000
1052.00     0.00000
1053.00     0.00000
1054.00     0.00000
1055.00     0.00000
1056.00     0.00000
1057.00     0.00000
1058.00     0.00000
1059.00     0.00000
1060.00     0.00000
1061.00     0.00000
1062.00     0.00000
1063.00     0.00000
1064.00     0.00000
1065.00     0.00000
1066.00     0.00000
1067.00     0.00000
1068.00     0.00000
1069.00     0.00000
1070.00     0.00000
1071.00     0.00000
1072.00     0.00000
1073.00     0.00000
1074.00     0.00000
1075.00     0.00000
1076.00     0.00000
1077.00     0.00000
1078.00     0.00000
1079.00     0.00000
1080.00     0.00000
1081.00     0.00000
1082.00     0.00000
1083.00     0.00000
1084.00     0.00000
1085.00     0.00000
1086.00     0.00000
1087.00     0.00000
1088.00     0.00000
1089.00     0.00000
1090.00     0.00000
1091.00     0.00000
1092.00     0.00000
1093.00     0.00000
1094.00     0.00000
1095.00     0.00000
1096.00     0.00000
1097.00     0.00000
1098.00     0.00000
1099.00     0.00000
1100.00     0.00000
1101.00     0.00000
1102.00     0.00000
1103.00     0.00000
1104.00     0.00000
1105.00     0.00000
1106.00     0.00000
1107.00     0.00000
1108.00     0.00000
1109.00     0.00000
1110.00     0.00000
1111.00     0.00000
1112.00     0.00000
1113.00     0.00000
1114.00     0.00000
1115.00     0.00000
1116.00     0.00000
1117.00     0.00000
1118.00     0.00000
1119.00     0.00000
1120.00     0.00000
1121.00     0.00000
1122.00     0.00000
1123.00     0.00000
1124.00     0.00000
1125.00     0.00000
1126.00     0.00000
1127.00     0.00000
1128.00     0.00000
1129.00     0.00000
1130.00     0.00000
1131.00     0.00000
1132.00     0.00000
1133.00     0.00000
1134.00     0.00000
1135.00     0.00000
1136.00     0.00000
1137.00     0.00000
1138.00     0.00000
1139.00     0.00000
1140.00     0.00000
1141.00     0.00000
1142.00     0.00000
1143.00     0.00000
1144.00     0.00000
1145.00     0.00000
1146.00     0.00000
1147.00     0.00000
1148.00     0.00000
1149.00     0.00000
1150.00     0.00000
1151.00     0.00000
1152.00     0.00000
1153.00     0.00000
1154.00     0.00000
1155.00     0.00000
1156.00     0.00000
1157.00     0.00000
1158.00     0.00000
1159.00     0.00000
1160.00     0.00000
1161.00     0.00000
1162.00     0.00000
1163.00     0.00000
1164.00     0.00000
1165.00     0.00000
1166.00     0.00000
1167.00     0.00000
1168.00     0.00000
1169.00     0.00000
1170.00     0.00000
1171.00     0.00000
1172.00     0.00000
1173.00     0.00000
1174.00     0.00000
1175.00     0.00000
1176.00     0.00000
1177.00     0.00000
1178.00     0.00000
1179.00     0.00000
1180.00     0.00000
1181.00     0.00000
1182.00     0.00000
1183.00     0.00000
1184.00     0.00000
1185.00     0.00000
1186.00     0.00000
1187.00     0.00000
1188.00     0.00000
1189.00     0.00000
1190.00     0.00000
1191.00     0.00000
1192.00     0.00000
1193.00     0.00000
1194.00     0.00000
1195.00     0.00000
1196.00     0.00000
1197.00     0.00000
1198.00     0.00000
1199.00     0.00000
1200.00     0.00000
1201.00     0.00000
1202.00     0.00000
1203.00     0.00000
1204.00     0.00000
1205.00     0.00000
1206.00     0.00000
1207.00     0.00000
1208.00     0.00000
1209.00     0.00000
1210.00     0.00000
1211.00     0.00000
1212.00     0.00000
1213.00     0.00000
1214.00     0.00000
1215.00     0.00000
1216.00     0.00000
1217.00     0.00000
1218.00     0.00000
1219.00     0.00000
1220.00     0.00000
1221.00     0.00000
1222.00     0.00000
1223.00     0.00000
1224.00     0.00000
1225.00     0.00000
1226.00     0.00000
1227.00     0.00000
1228.00     0.00000
1229.00     0.00000
1230.00     0.00000
1231.00     0.00000
1232.00     0.00000
1233.00     0.00000
1234.00     0.00000
1235.00     0.00000
1236.00     0.00000
1237.00     0.00000
1238.00     0.00000
1239.00     0.00000
1240.00     0.00000
1241.00     0.00000
1242.00     0.00000
1243.00     0.00000
1244.00     0.00000
1245.00     0.00000
1246.00     0.00000
1247.00     0.00000
1248.00     0.00000
1249.00     0.00000
1250.00     0.00000
1251.00     0.00000
1252.00     0.00000
1253.00     0.00000
1254.00     0.00000
1255.00     0.00000
1256.00     0.00000
1257.00     0.00000
1258.00     0.00000
1259.00     0.00000
1260.00     0.00000
1261.00     0.00000
1262.00     0.00000
1263.00     0.00000
1264.00     0.00000
1265.00     0.00000
1266.00     0.00000
1267.00     0.00000
1268.00     0.00000
1269.00     0.00000
1270.00     0.00000
1271.00     0.00000
1272.00     0.00000
1273.00     0.00000
1274.00     0.00000
1275.00     0.00000
1276.00     0.00000
1277.00     0.00000
1278.00     0.00000
1279.00     0.00000
1280.00     0.00000
1281.00     0.00000
1282.00     0.00000
1283.00     0.00000
1284.00     0.00000
1285.00     0.00000
1286.00     0.00000
1287.00     0.00000
1288.00     0.00000
1289.00     0.00000
1290.00     0.00000
1291.00     0.00000
1292.00     0.00000
1293.00     0.00000
1294.00     0.00000
1295.00     0.00000
1296.00     0.00000
1297.00     0.00000
1298.00     0.00000
1299.00     0.00000
1300.00     0.00000
1301.00     0.00000
1302.00     0.00000
1303.00     0.00000
1304.00     0.00000
1305.00     0.00000
1306.00     0.00000
1307.00     0.00000
1308.00     0.00000
1309.00     0.00000
1310.00     0.00000
1311.00     0.00000
1312.00     0.00000
1313.00     0.00000
1314.00     0.00000
1315.00     0.00000
1316.00     0.00000
1317.00     0.00000
1318.00     0.00000
1319.00     0.00000
1320.00     0.00000
1321.00     0.00000
1322.00     0.00000
1323.00     0.00000
1324.00     0.00000
1325.00     0.00000
1326.00     0.00000
1327.00     0.00000
1328.00     0.00000
1329.00     0.00000
1330.00     0.00000
1331.00     0.00000
1332.00     0.00000
1333.00     0.00000
1334.00     0.00000
1335.00     0.00000
1336.00     0.00000
1337.00     0.00000
1338.00     0.00000
1339.00     0.00000
1340.00     0.00000
1341.00     0.00000
1342.00     0.00000
1343.00     0.00000
1344.00     0.00000
1345.00     0.00000
1346.00     0.00000
1347.00     0.00000
1348.00     0.00000
1349.00     0.00000
1350.00     0.00000
1351.00     0.00000
1352.00     0.00000
1353.00     0.00000
1354.00     0.00000
1355.00     0.00000
1356.00     0.00000
1357.00     0.00000
1358.00     0.00000
1359.00     0.00000
1360.00     0.00000
1361.00     0.00000
1362.00     0.00000
1363.00     0.00000
1364.00     0.00000
1365.00     0.00000
1366.00     0.00000
1367.00     0.00000
1368.00     0.00000
1369.00     0.00000
1370.00     0.00000
1371.00     0.00000
1372.00     0.00000
1373.00     0.00000
1374.00     0.00000
1375.00     0.00000
1376.00     0.00000
1377.00     0.00000
1378.00     0.00000
1379.00     0.00000
1380.00     0.00000
1381.00     0.00000
1382.00     0.00000
1383.00     0.00000
1384.00     0.00000
1385.00     0.00000
1386.00     0.00000
1387.00     0.00000
1388.00     0.00000
1389.00     0.00000
1390.00     0.00000
1391.00     0.00000
1392.00     0.00000
1393.00     0.00000
1394.00     0.00000
1395.00     0.00000
1396.00     0.00000
1397.00     0.00000
1398.00     0.00000
1399.00     0.00000
1400.00     0.00000
1401.00     0.00000
1402.00     0.00000
1403.00     0.00000
1404.00     0.00000
1405.00     0.00000
1406.00     0.00000
1407.00     0.00000
1408.00     0.00000
1409.00     0.00000
1410.00     0.00000
1411.00     0.00000
1412.00     0.00000
1413.00     0.00000
1414.00     0.00000
1415.00     0.00000
1416.00     0.00000
1417.00     0.00000
1418.00     0.00000
1419.00     0.00000
1420.00     0.00000
1421.00     0.00000
1422.00     0.00000
1423.00     0.00000
1424.00     0.00000
1425.00     0.00000
1426.00     0.00000
1427.00     0.00000
1428.00     0.00000
1429.00     0.00000
1430.00     0.00000
1431.00     0.00000
1432.00     0.00000
1433.00     0.00000
1434.00     0.00000
1435.00     0.00000
1436.00     0.00000
1437.00     0.00000
1438.00     0.00000
1439.00     0.00000
1440.00     0.00000
1441.00     0.00000
1442.00     0.00000
1443.00     0.00000
1444.00     0.00000
1445.00     0.00000
1446.00     0.00000
1447.00     0.00000
1448.00     0.00000
1449.00     0.00000
1450.00     0.00000
1451.00     0.00000
1452.00     0.00000
1453.00     0.00000
1454.00     0.00000
1455.00     0.00000
1456.00     0.00000
1457.00     0.00000
1458.00     0.00000
1459.00     0.00000
1460.00     0.00000
1461.00     0.00000
1462.00     0.00000
1463.00     0.00000
1464.00     0.00000
1465.00     0.00000
1466.00     0.00000
1467.00     0.00000
1468.00     0.00000
1469.00     0.00000
1470.00     0.00000
1471.00     0.00000
1472.00     0.00000
1473.00     0.00000
1474.00     0.00000
1475.00     0.00000
1476.00     0.00000
1477.00     0.00000
1478.00     0.00000
1479.00     0.00000
1480.00     0.00000
1481.00     0.00000
1482.00     0.00000
1483.00     0.00000
1484.00     0.00000
1485.00     0.00000
1486.00     0.00000
1487.00     0.00000
1488.00     0.00000
1489.00     0.00000
1490.00     0.00000
1491.00     0.00000
1492.00     0.00000
1493.00     0.00000
1494.00     0.00000
1495.00     0.00000
1496.00     0.00000
1497.00     0.00000
1498.00     0.00000
1499.00     0.00000
1500.00     0.00000
1501.00     0.00000
1502.00     0.00000
1503.00     0.00000
1504.00     0.00000
1505.00     0.00000
1506.00     0.00000
1507.00     0.00000
1508.00     0.00000
1509.00     0.00000
1510.00     0.00000
1511.00     0.00000
1512.00     0.00000
1513.00     0.00000
1514.00     0.00000
1515.00     0.00000
1516.00     0.00000
1517.00     0.00000
1518.00     0.00000
1519.00     0.00000
1520.00     0.00000
1521.00     0.00000
1522.00     0.00000
1523.00     0.00000
1524.00     0.00000
1525.00     0.00000
1526.00     0.00000
1527.00     0.00000
1528.00     0.00000
1529.00     0.00000
1530.00     0.00000
1531.00     0.00000
1532.00     0.00000
1533.00     0.00000
1534.00     0.00000
1535.00     0.00000
1536.00     0.00000
1537.00     0.00000
1538.00     0.00000
1539.00     0.00000
1540.00     0.00000
1541.00     0.00000
1542.00     0.00000
1543.00     0.00000
1544.00     0.00000
1545.00     0.00000
1546.00     0.00000
1547.00     0.00000
1548.00     0.00000
1549.00     0.00000
1550.00     0.00000
1551.00     0.00000
1552.00     0.00000
1553.00     0.00000
1554.00     0.00000
1555.00     0.00000
1556.00     0.00000
1557.00     0.00000
1558.00     0.00000
1559.00     0.00000
1560.00     0.00000
1561.00     0.00000
1562.00     0.00000
1563.00     0.00000
1564.00     0.00000
1565.00     0.00000
1566.00     0.00000
1567.00     0.00000
1568.00     0.00000
1569.00     0.00000
1570.00     0.00000
1571.00     0.00000
1572.00     0.00000
1573.00     0.00000
1574.00     0.00000
1575.00     0.00000
1576.00     0.00000
1577.00     0.00000
1578.00     0.00000
1579.00     0.00000
1580.00     0.00000
1581.00     0.00000
1582.00     0.00000
1583.00     0.00000
1584.00     0.00000
1585.00     0.00000
1586.00     0.00000
1587.00     0.00000
1588.00     0.00000
1589.00     0.00000
1590.00     0.00000
1591.00     0.00000
1592.00     0.00000
1593.00     0.00000
1594.00     0.00000
1595.00     0.00000
1596.00     0.00000
1597.00     0.00000
1598.00     0.00000
1599.00     0.00000
1600.00     0.00000
1601.00     0.00000
1602.00     0.00000
1603.00     0.00000
1604.00     0.00000
1605.00     0.00000
1606.00     0.00000
1607.00     0.00000
1608.00     0.00000
1609.00     0.00000
1610.00     0.00000
1611.00     0.00000
1612.00     0.00000
1613.00     0.00000
1614.00     0.00000
1615.00     0.00000
1616.00     0.00000
1617.00     0.00000
1618.00     0.00000
1619.00     0.00000
1620.00     0.00000
1621.00     0.00000
1622.00     0.00000
1623.00     0.00000
1624.00     0.00000
1625.00     0.00000
1626.00     0.00000
1627.00     0.00000
1628.00     0.00000
1629.00     0.00000
1630.00     0.00000
1631.00     0.00000
1632.00     0.00000
1633.00     0.00000
1634.00     0.00000
1635.00     0.00000
1636.00     0.00000
1637.00     0.00000
1638.00     0.00000
1639.00     0.00000
1640.00     0.00000
1641.00     0.00000
1642.00     0.00000
1643.00     0.00000
1644.00     0.00000
1645.00     0.00000
1646.00     0.00000
1647.00     0.00000
1648.00     0.00000
1649.00     0.00000
1650.00     0.00000
1651.00     0.00000
1652.00     0.00000
1653.00     0.00000
1654.00     0.00000
1655.00     0.00000
1656.00     0.00000
1657.00     0.00000
1658.00     0.00000
1659.00     0.00000
1660.00     0.00000
1661.00     0.00000
1662.00     0.00000
1663.00     0.00000
1664.00     0.00000
1665.00     0.00000
1666.00     0.00000
1667.00     0.00000
1668.00     0.00000
1669.00     0.00000
1670.00     0.00000
1671.00     0.00000
1672.00     0.00000
1673.00     0.00000
1674.00     0.00000
1675.00     0.00000
1676.00     0.00000
1677.00     0.00000
1678.00     0.00000
1679.00     0.00000
1680.00     0.00000
1681.00     0.00000
1682.00     0.00000
1683.00     0.00000
1684.00     0.00000
1685.00     0.00000
1686.00     0.00000
1687.00     0.00000
1688.00     0.00000
1689.00     0.00000
1690.00     0.00000
1691.00     0.00000
1692.00     0.00000
1693.00     0.00000
1694.00     0.00000
1695.00     0.00000
1696.00     0.00000
1697.00     0.00000
1698.00     0.00000
1699.00     0.00000
1700.00     0.00000
1701.00     0.00000
1702.00     0.00000
1703.00     0.00000
1704.00     0.00000
1705.00     0.00000
1706.00     0.00000
1707.00     0.00000
1708.00     0.00000
1709.00     0.00000
1710.00     0.00000
1711.00     0.00000
1712.00     0.00000
1713.00     0.00000
1714.00     0.00000
1715.00     0.00000
1716.00     0.00000
1717.00     0.00000
1718.00     0.00000
1719.00     0.00000
1720.00     0.00000
1721.00     0.00000
1722.00     0.00000
1723.00     0.00000
1724.00     0.00000
1725.00     0.00000
1726.00     0.00000
1727.00     0.00000
1728.00     0.00000
1729.00     0.00000
1730.00     0.00000
1731.00     0.00000
1732.00     0.00000
1733.00     0.00000
1734.00     0.00000
1735.00     0.00000
1736.00     0.00000
1737.00     0.00000
1738.00     0.00000
1739.00     0.00000
1740.00     0.00000
1741.00     0.00000
1742.00     0.00000
1743.00     0.00000
1744.00     0.00000
1745.00     0.00000
1746.00     0.00000
1747.00     0.00000
1748.00     0.00000
1749.00     0.00000
1750.00     0.00000
1751.00     0.00000
1752.00     0.00000
1753.00     0.00000
1754.00     0.00000
1755.00     0.00000
1756.00     0.00000
1757.00     0.00000
1758.00     0.00000
1759.00     0.00000
1760.00     0.00000
1761.00     0.00000
1762.00     0.00000
1763.00     0.00000
1764.00     0.00000
1765.00     0.00000
1766.00     0.00000
1767.00     0.00000
1768.00     0.00000
1769.00     0.00000
1770.00     0.00000
1771.00     0.00000
1772.00     0.00000
1773.00     0.00000
1774.00     0.00000
1775.00     0.00000
1776.00     0.00000
1777.00     0.00000
1778.00     0.00000
1779.00     0.00000
1780.00     0.00000
1781.00     0.00000
1782.00     0.00000
1783.00     0.00000
1784.00     0.00000
1785.00     0.00000
1786.00     0.00000
1787.00     0.00000
1788.00     0.00000
1789.00     0.00000
1790.00     0.00000
1791.00     0.00000
1792.00     0.00000
1793.00     0.00000
1794.00     0.00000
1795.00     0.00000
1796.00     0.00000
1797.00     0.00000
1798.00     0.00000
1799.00     0.00000
1800.00     0.00000
1801.00     0.00000
1802.00     0.00000
1803.00     0.00000
1804.00     0.00000
1805.00     0.00000
1806.00     0.00000
1807.00     0.00000
1808.00     0.00000
1809.00     0.00000
1810.00     0.00000
1811.00     0.00000
1812.00     0.00000
1813.00     0.00000
1814.00     0.00000
1815.00     0.00000
1816.00     0.00000
1817.00     0.00000
1818.00     0.00000
1819.00     0.00000
1820.00     0.00000
1821.00     0.00000
1822.00     0.00000
1823.00     0.00000
1824.00     0.00000
1825.00     0.00000
1826.00     0.00000
1827.00     0.00000
1828.00     0.00000
1829.00     0.00000
1830.00     0.00000
1831.00     0.00000
1832.00     0.00000
1833.00     0.00000
1834.00     0.00000
1835.00     0.00000
1836.00     0.00000
1837.00     0.00000
1838.00     0.00000
1839.00     0.00000
1840.00     0.00000
1841.00     0.00000
1842.00     0.00000
1843.00     0.00000
1844.00     0.00000
1845.00     0.00000
1846.00     0.00000
1847.00     0.00000
1848.00     0.00000
1849.00     0.00000
1850.00     0.00000
1851.00     0.00000
1852.00     0.00000
1853.00     0.00000
1854.00     0.00000
1855.00     0.00000
1856.00     0.00000
1857.00     0.00000
1858.00     0.00000
1859.00     0.00000
1860.00     0.00000
1861.00     0.00000
1862.00     0.00000
1863.00     0.00000
1864.00     0.00000
1865.00     0.00000
1866.00     0.00000
1867.00     0.00000
1868.00     0.00000
1869.00     0.00000
1870.00     0.00000
1871.00     0.00000
1872.00     0.00000
1873.00     0.00000
1874.00     0.00000
1875.00     0.00000
1876.00     0.00000
1877.00     0.00000
1878.00     0.00000
1879.00     0.00000
1880.00     0.00000
1881.00     0.00000
1882.00     0.00000
1883.00     0.00000
1884.00     0.00000
1885.00     0.00000
1886.00     0.00000
1887.00     0.00000
1888.00     0.00000
1889.00     0.00000
1890.00     0.00000
1891.00     0.00000
1892.00     0.00000
1893.00     0.00000
1894.00     0.00000
1895.00     0.00000
1896.00     0.00000
1897.00     0.00000
1898.00     0.00000
1899.00     0.00000
1900.00     0.00000
1901.00     0.00000
1902.00     0.00000
1903.00     0.00000
1904.00     0.00000
1905.00     0.00000
1906.00     0.00000
1907.00     0.00000
1908.00     0.00000
1909.00     0.00000
1910.00     0.00000
1911.00     0.00000
1912.00     0.00000
1913.00     0.00000
1914.00     0.00000
1915.00     0.00000
1916.00     0.00000
1917.00     0.00000
1918.00     0.00000
1919.00     0.00000
1920.00     0.00000
1921.00     0.00000
1922.00     0.00000
1923.00     0.00000
1924.00     0.00000
1925.00     0.00000
1926.00     0.00000
1927.00     0.00000
1928.00     0.00000
1929.00     0.00000
1930.00     0.00000
1931.00     0.00000
1932.00     0.00000
1933.00     0.00000
1934.00     0.00000
1935.00     0.00000
1936.00     0.00000
1937.00     0.00000
1938.00     0.00000
1939.00     0.00000
1940.00     0.00000
1941.00     0.00000
1942.00     0.00000
1943.00     0.00000
1944.00     0.00000
1945.00     0.00000
1946.00     0.00000
1947.00     0.00000
1948.00     0.00000
1949.00     0.00000
1950.00     0.00000
1951.00     0.00000
1952.00     0.00000
1953.00     0.00000
1954.00     0.00000
1955.00     0.00000
1956.00     0.00000
1957.00     0.00000
1958.00     0.00000
1959.00     0.00000
1960.00     0.00000
1961.00     0.00000
1962.00     0.00000
1963.00     0.00000
1964.00     0.00000
1965.00     0.00000
1966.00     0.00000
1967.00     0.00000
1968.00     0.00000
1969.00     0.00000
1970.00     0.00000
1971.00     0.00000
1972.00     0.00000
1973.00     0.00000
1974.00     0.00000
1975.00     0.00000
1976.00     0.00000
1977.00     0.00000
1978.00     0.00000
1979.00     0.00000
1980.00     0.00000
1981.00     0.00000
1982.00     0.00000
1983.00     0.00000
1984.00     0.00000
1985.00     0.00000
1986.00     0.00000
1987.00     0.00000
1988.00     0.00000
1989.00     0.00000
1990.00     0.00000
1991.00     0.00000
1992.00     0.00000
1993.00     0.00000
1994.00     0.00000
1995.00     0.00000
1996.00     0.00000
1997.00     0.00000
1998.00     0.00000
1999.00     0.00000
2000.00     0.00000
2001.00     0.00000
2002.00     0.00000
2003.00     0.00000
2004.00     0.00000
2005.00     0.00000
2006.00     0.00000
2007.00     0.00000
2008.00     0.00000
2009.00     0.00000
2010.00     0.00000
2011.00     0.00000
2012.00     0.00000
2013.00     0.00000
2014.00     0.00000
2015.00     0.00000
2016.00     0.00000
2017.00     0.00000
2018.00     0.00000
2019.00     0.00000
2020.00     0.00000
2021.00     0.00000
2022.00     0.00000
2023.00     0.00000
2024.00     0.00000
2025.00     0.00000
2026.00     0.00000
2027.00     0.00000
2028.00     0.00000
2029.00     0.00000
2030.00     0.00000
2031.00     0.00000
2032.00     0.00000
2033.00     0.00000
2034.00     0.00000
2035.00     0.00000
2036.00     0.00000
2037.00     0.00000
2038.00     0.00000
2039.00     0.00000
2040.00     0.00000
2041.00     0.00000
2042.00     0.00000
2043.00     0.00000
2044.00     0.00000
2045.00     0.00000
2046.00     0.00000
2047.00     0.00000
2048.00     0.00000
2049.00     0.00000
2050.00     0.00000
2051.00     0.00000
2052.00     0.00000
2053.00     0.00000
2054.00     0.00000
2055.00     0.00000
2056.00     0.00000
2057.00     0.00000
2058.00     0.00000
2059.00     0.00000
2060.00     0.00000
2061.00     0.00000
2062.00     0.00000
2063.00     0.00000
2064.00     0.00000
2065.00     0.00000
2066.00     0.00000
2067.00     0.00000
2068.00     0.00000
2069.00     0.00000
2070.00     0.00000
2071.00     0.00000
2072.00     0.00000
2073.00     0.00000
2074.00     0.00000
2075.00     0.00000
2076.00     0.00000
2077.00     0.00000
2078.00     0.00000
2079.00     0.00000
2080.00     0.00000
2081.00     0.00000
2082.00     0.00000
2083.00     0.00000
2084.00     0.00000
2085.00     0.00000
2086.00     0.00000
2087.00     0.00000
2088.00     0.00000
2089.00     0.00000
2090.00     0.00000
2091.00     0.00000
2092.00     0.00000
2093.00     0.00000
2094.00     0.00000
2095.00     0.00000
2096.00     0.00000
2097.00     0.00000
2098.00     0.00000
2099.00     0.00000
2100.00     0.00000
2101.00     0.00000
2102.00     0.00000
2103.00     0.00000
2104.00     0.00000
2105.00     0.00000
2106.00     0.00000
2107.00     0.00000
2108.00     0.00000
2109.00     0.00000
2110.00     0.00000
2111.00     0.00000
2112.00     0.00000
2113.00     0.00000
2114.00     0.00000
2115.00     0.00000
2116.00     0.00000
2117.00     0.00000
2118.00     0.00000
2119.00     0.00000
2120.00     0.00000
2121.00     0.00000
2122.00     0.00000
2123.00     0.00000
2124.00     0.00000
2125.00     0.00000
2126.00     0.00000
2127.00     0.00000
2128.00     0.00000
2129.00     0.00000
2130.00     0.00000
2131.00     0.00000
2132.00     0.00000
2133.00     0.00000
2134.00     0.00000
2135.00     0.00000
2136.00     0.00000
2137.00     0.00000
2138.00     0.00000
2139.00     0.00000
2140.00     0.00000
2141.00     0.00000
2142.00     0.00000
2143.00     0.00000
2144.00     0.00000
2145.00     0.00000
2146.00     0.00000
2147.00     0.00000
2148.00     0.00000
2149.00     0.00000
2150.00     0.00000
2151.00     0.00000
2152.00     0.00000
2153.00     0.00000
2154.00     0.00000
2155.00     0.00000
2156.00     0.00000
2157.00     0.00000
2158.00     0.00000
2159.00     0.00000
2160.00     0.00000
2161.00     0.00000
2162.00     0.00000
2163.00     0.00000
2164.00     0.00000
2165.00     0.00000
2166.00     0.00000
2167.00     0.00000
2168.00     0.00000
2169.00     0.00000
2170.00     0.00000
2171.00     0.00000
2172.00     0.00000
2173.00     0.00000
2174.00     0.00000
2175.00     0.00000
2176.00     0.00000
2177.00     0.00000
2178.00     0.00000
2179.00     0.00000
2180.00     0.00000
2181.00     0.00000
2182.00     0.00000
2183.00     0.00000
2184.00     0.00000
2185.00     0.00000
2186.00     0.00000
2187.00     0.00000
2188.00     0.00000
2189.00     0.00000
2190.00     0.00000
2191.00     0.00000
2192.00     0.00000
2193.00     0.00000
2194.00     0.00000
2195.00     0.00000
2196.00     0.00000
2197.00     0.00000
2198.00     0.00000
2199.00     0.00000
2200.00     0.00000
2201.00     0.00000
2202.00     0.00000
2203.00     0.00000
2204.00     0.00000
2205.00     0.00000
2206.00     0.00000
2207.00     0.00000
2208.00     0.00000
2209.00     0.00000
2210.00     0.00000
2211.00     0.00000
2212.00     0.00000
2213.00     0.00000
2214.00     0.00000
2215.00     0.00000
2216.00     0.00000
2217.00     0.00000
2218.00     0.00000
2219.00     0.00000
2220.00     0.00000
2221.00     0.00000
2222.00     0.00000
2223.00     0.00000
2224.00     0.00000
2225.00     0.00000
2226.00     0.00000
2227.00     0.00000
2228.00     0.00000
2229.00     0.00000
2230.00     0.00000
2231.00     0.00000
2232.00     0.00000
2233.00     0.00000
2234.00     0.00000
2235.00     0.00000
2236.00     0.00000
2237.00     0.00000
2238.00     0.00000
2239.00     0.00000
2240.00     0.00000
2241.00     0.00000
2242.00     0.00000
2243.00     0.00000
2244.00     0.00000
2245.00     0.00000
2246.00     0.00000
2247.00     0.00000
2248.00     0.00000
2249.00     0.00000
2250.00     0.00000
2251.00     0.00000
2252.00     0.00000
2253.00     0.00000
2254.00     0.00000
2255.00     0.00000
2256.00     0.00000
2257.00     0.00000
2258.00     0.00000
2259.00     0.00000
2260.00     0.00000
2261.00     0.00000
2262.00     0.00000
2263.00     0.00000
2264.00     0.00000
2265.00     0.00000
2266.00     0.00000
2267.00     0.00000
2268.00     0.00000
2269.00     0.00000
2270.00     0.00000
2271.00     0.00000
2272.00     0.00000
2273.00     0.00000
2274.00     0.00000
2275.00     0.00000
2276.00     0.00000
2277.00     0.00000
2278.00     0.00000
2279.00     0.00000
2280.00     0.00000
2281.00     0.00000
2282.00     0.00000
2283.00     0.00000
2284.00     0.00000
2285.00     0.00000
2286.00     0.00000
2287.00     0.00000
2288.00     0.00000
2289.00     0.00000
2290.00     0.00000
2291.00     0.00000
2292.00     0.00000
2293.00     0.00000
2294.00     0.00000
2295.00     0.00000
2296.00     0.00000
2297.00     0.00000
2298.00     0.00000
2299.00     0.00000
2300.00     0.00000
2301.00     0.00000
2302.00     0.00000
2303.00     0.00000
2304.00     0.00000
2305.00     0.00000
2306.00     0.00000
2307.00     0.00000
2308.00     0.00000
2309.00     0.00000
2310.00     0.00000
2311.00     0.00000
2312.00     0.00000
2313.00     0.00000
2314.00     0.00000
2315.00     0.00000
2316.00     0.00000
2317.00     0.00000
2318.00     0.00000
2319.00     0.00000
2320.00     0.00000
2321.00     0.00000
2322.00     0.00000
2323.00     0.00000
2324.00     0.00000
2325.00     0.00000
2326.00     0.00000
2327.00     0.00000
2328.00     0.00000
2329.00     0.00000
2330.00     0.00000
2331.00     0.00000
2332.00     0.00000
2333.00     0.00000
2334.00     0.00000
2335.00     0.00000
2336.00     0.00000
2337.00     0.00000
2338.00     0.00000
2339.00     0.00000
2340.00     0.00000
2341.00     0.00000
2342.00     0.00000
2343.00     0.00000
2344.00     0.00000
2345.00     0.00000
2346.00     0.00000
2347.00     0.00000
2348.00     0.00000
2349.00     0.00000
2350.00     0.00000
2351.00     0.00000
2352.00     0.00000
2353.00     0.00000
2354.00     0.00000
2355.00     0.00000
2356.00     0.00000
2357.00     0.00000
2358.00     0.00000
2359.00     0.00000
2360.00     0.00000
2361.00     0.00000
2362.00     0.00000
2363.00     0.00000
2364.00     0.00000
2365.00     0.00000
2366.00     0.00000
2367.00     0.00000
2368.00     0.00000
2369.00     0.00000
2370.00     0.00000
2371.00     0.00000
2372.00     0.00000
2373.00     0.00000
2374.00     0.00000
2375.00     0.00000
2376.00     0.00000
2377.00     0.00000
2378.00     0.00000
2379.00     0.00000
2380.00     0.00000
2381.00     0.00000
2382.00     0.00000
2383.00     0.00000
2384.00     0.00000
2385.00     0.00000
2386.00     0.00000
2387.00     0.00000
2388.00     0.00000
2389.00     0.00000
2390.00     0.00000
2391.00     0.00000
2392.00     0.00000
2393.00     0.00000
2394.00     0.00000
2395.00     0.00000
2396.00     0.00000
2397.00     0.00000
2398.00     0.00000
2399.00     0.00000
2400.00     0.00000
2401.00     0.00000
2402.00     0.00000
2403.00     0.00000
2404.00     0.00000
2405.00     0.00000
2406.00     0.00000
2407.00     0.00000
2408.00     0.00000
2409.00     0.00000
2410.00     0.00000
2411.00     0.00000
2412.00     0.00000
2413.00     0.00000
2414.00     0.00000
2415.00     0.00000
2416.00     0.00000
2417.00     0.00000
2418.00     0.00000
2419.00     0.00000
2420.00     0.00000
2421.00     0.00000
2422.00     0.00000
2423.00     0.00000
2424.00     0.00000
2425.00     0.00000
2426.00     0.00000
2427.00     0.00000
2428.00     0.00000
2429.00     0.00000
2430.00     0.00000
2431.00     0.00000
2432.00     0.00000
2433.00     0.00000
2434.00     0.00000
2435.00     0.00000
2436.00     0.00000
2437.00     0.00000
2438.00     0.00000
2439.00     0.00000
2440.00     0.00000
2441.00     0.00000
2442.00     0.00000
2443.00     0.00000
2444.00     0.00000
2445.00     0.00000
2446.00     0.00000
2447.00     0.00000
2448.00     0.00000
2449.00     0.00000
2450.00     0.00000
2451.00     0.00000
2452.00     0.00000
2453.00     0.00000
2454.00     0.00000
2455.00     0.00000
2456.00     0.00000
2457.00     0.00000
2458.00     0.00000
2459.00     0.00000
2460.00     0.00000
2461.00     0.00000
2462.00     0.00000
2463.00     0.00000
2464.00     0.00000
2465.00     0.00000
2466.00     0.00000
2467.00     0.00000
2468.00     0.00000
2469.00     0.00000
2470.00     0.00000
2471.00     0.00000
2472.00     0.00000
2473.00     0.00000
2474.00     0.00000
2475.00     0.00000
2476.00     0.00000
2477.00     0.00000
2478.00     0.00000
2479.00     0.00000
2480.00     0.00000
2481.00     0.00000
2482.00     0.00000
2483.00     0.00000
2484.00     0.00000
2485.00     0.00000
2486.00     0.00000
2487.00     0.00000
2488.00     0.00000
2489.00     0.00000
2490.00     0.00000
2491.00     0.00000
2492.00     0.00000
2493.00     0.00000
2494.00     0.00000
2495.00     0.00000
2496.00     0.00000
2497.00     0.00000
2498.00     0.00000
2499.00     0.00000
2500.00     0.00000
2501.00     0.00000
2502.00     0.00000
2503.00     0.00000
2504.00     0.00000
2505.00     0.00000
2506.00     0.00000
2507.00     0.00000
2508.00     0.00000
2509.00     0.00000
2510.00     0.00000
2511.00     0.00000
2512.00     0.00000
2513.00     0.00000
2514.00     0.00000
2515.00     0.00000
2516.00     0.00000
2517.00     0.00000
2518.00     0.00000
2519.00     0.00000
2520.00     0.00000
2521.00     0.00000
2522.00     0.00000
2523.00     0.00000
2524.00     0.00000
2525.00     0.00000
2526.00     0.00000
2527.00     0.00000
2528.00     0.00000
2529.00     0.00000
2530.00     0.00000
2531.00     0.00000
2532.00     0.00000
2533.00     0.00000
2534.00     0.00000
2535.00     0.00000
2536.00     0.00000
2537.00     0.00000
2538.00     0.00000
2539.00     0.00000
2540.00     0.00000
2541.00     0.00000
2542.00     0.00000
2543.00     0.00000
2544.00     0.00000
2545.00     0.00000
2546.00     0.00000
2547.00     0.00000
2548.00     0.00000
2549.00     0.00000
2550.00     0.00000
2551.00     0.00000
2552.00     0.00000
2553.00     0.00000
2554.00     0.00000
2555.00     0.00000
2556.00     0.00000
2557.00     0.00000
2558.00     0.00000
2559.00     0.00000
2560.00     0.00000
2561.00     0.00000
2562.00     0.00000
2563.00     0.00000
2564.00     0.00000
2565.00     0.00000
2566.00     0.00000
2567.00     0.00000
2568.00     0.00000
2569.00     0.00000
2570.00     0.00000
2571.00     0.00000
2572.00     0.00000
2573.00     0.00000
2574.00     0.00000
2575.00     0.00000
2576.00     0.00000
2577.00     0.00000
2578.00     0.00000
2579.00     0.00000
2580.00     0.00000
2581.00     0.00000
2582.00     0.00000
2583.00     0.00000
2584.00     0.00000
2585.00     0.00000
2586.00     0.00000
2587.00     0.00000
2588.00     0.00000
2589.00     0.00000
2590.00     0.00000
2591.00     0.00000
2592.00     0.00000
2593.00     0.00000
2594.00     0.00000
2595.00     0.00000
2596.00     0.00000
2597.00     0.00000
2598.00     0.00000
2599.00     0.00000
